5
-32768 -32768 -32768 -32768 -32768
-32768 -32768 40 50 -32768
-32768 -32768 -32768 90 70
-32768 -32768 -32768 -32768 80
-32768 -32768 -32768 -32768 -32768
1
4


5
-32768 30 10 13 -32768
-32768 -32768 -32768 -32768 20
-32768 -32768 -32768 -32768 40
-32768 -32768 -32768 -32768 -32768
-32768 -32768 -32768 3 -32768
1
4

5
-32768 60 100 10 -32768
-32768 -32768 40 50 -32768
-32768 -32768 -32768 20 70
-32768 -32768 -32768 -32768 80
-32768 -32768 -32768 -32768 -32768
1
4



5
-32768 10 15 -32768 -32768
-32768 -32768 20 -32768 -32768
-32768 -32768 -32768 -32768 -32768
-32768 -32768 -32768 -32768 7
-32768 -32768 -32768 -32768 -32768
1
5
5
-32768 30 10 -32768 -32768
-32768 -32768 -32768 -32768 20
-32768 -32768 -32768 -32768 15
-32768 -32768 -32768 -32768 -32768
-32768 -32768 -32768 3 -32768
1
4

5
-32768 60 100 -32768 -32768
-32768 -32768 40 50 -32768
-32768 -32768 -32768 90 70
-32768 -32768 -32768 -32768 80
-32768 -32768 -32768 -32768 -32768
1
4